   0.0358923    0.0683727    0.0101304    0.0548953  -0.00751131    0.0322137    -0.014444   0.00385016  -0.00931045   -0.0246831    0.0069208   -0.0484207    0.0313581    -0.063618    0.0602025   -0.0674483    0.0881612   -0.0595231      0.11011   -0.0408588     0.122613    -0.014892     0.123698    0.0140838     0.112434    0.0409449    0.0918328    0.0609719    0.0646363    0.0705964
   0.0683727     0.134987    0.0177356     0.108352   -0.0170167    0.0636407   -0.0306655   0.00773616   -0.0205393   -0.0485002    0.0114532   -0.0952823    0.0596119    -0.125231     0.116442    -0.132782     0.171536    -0.117165     0.214788   -0.0803852      0.23943   -0.0292059     0.241565    0.0279136     0.219357    0.0808673     0.178743     0.120347     0.125133     0.139317
   0.0101304    0.0177356   0.00354003    0.0142499  -0.00108891   0.00838184  -0.00288723   0.00104203  -0.00156175   -0.0063418   0.00263636   -0.0124846   0.00895885   -0.0164175    0.0164264   -0.0174074     0.023662   -0.0153561    0.0293423    -0.010526    0.0325773  -0.00380497    0.0328575   0.00369278    0.0299443    0.0106409     0.024617    0.0158204    0.0175839    0.0183099
   0.0548953     0.108352    0.0142499    0.0870838   -0.0136456    0.0511343   -0.0246019    0.0062589   -0.0164738   -0.0388835   0.00920685    -0.076437    0.0478642    -0.100478    0.0934816     -0.10654     0.137703   -0.0940024     0.172421   -0.0644793     0.192199   -0.0233984     0.193913     0.022451     0.176087    0.0649567     0.143487    0.0966466     0.100456     0.111874
 -0.00751131   -0.0170167  -0.00108891   -0.0136456   0.00337923    -0.007974   0.00504678 -0.000883329   0.00375914   0.00624968 -0.000301474    0.0121837  -0.00641195    0.0159826    -0.013616    0.0169423   -0.0206034    0.0149616   -0.0260883    0.0102966   -0.0292132   0.00380587    -0.029485  -0.00343818   -0.0266679   -0.0101565   -0.0215136   -0.0151665   -0.0147095   -0.0175739
   0.0322137    0.0636407   0.00838184    0.0511343    -0.007974    0.0301533   -0.0143984   0.00377985  -0.00963226   -0.0226915   0.00542616    -0.044713    0.0280938   -0.0588113    0.0548434   -0.0623662    0.0807738   -0.0550146     0.101129   -0.0377032     0.112726   -0.0136148     0.113729    0.0132703     0.103276    0.0381949    0.0841596    0.0567772    0.0589281    0.0657066
   -0.014444   -0.0306655  -0.00288723   -0.0246019   0.00504678   -0.0143984   0.00822406  -0.00163952   0.00585134    0.0111965  -0.00145313    0.0218751   -0.0124477    0.0287117   -0.0254156    0.0304376   -0.0379909    0.0268732   -0.0478625    0.0184778   -0.0534848   0.00679732   -0.0539719  -0.00623864   -0.0489039   -0.0183244   -0.0396339   -0.0273361   -0.0273961   -0.0316667
  0.00385016   0.00773616   0.00104203    0.0062589 -0.000883329   0.00377985  -0.00163952  0.000742179  -0.00107764  -0.00243801  0.000696932  -0.00503473    0.0033684  -0.00669768   0.00652299  -0.00711734   0.00958158  -0.00625043    0.0119803  -0.00420987    0.0133457   -0.0013708    0.0134634    0.0017986    0.0122293   0.00473766   0.00997421   0.00692872   0.00699952   0.00798157
 -0.00931045   -0.0205393  -0.00156175   -0.0164738   0.00375914  -0.00963226   0.00585134  -0.00107764   0.00436286   0.00752868 -0.000592475    0.0146894  -0.00796504    0.0192741   -0.0166599    0.0204325   -0.0250939    0.0180424   -0.0317153    0.0124118   -0.0354859    0.0045785   -0.0358113  -0.00416187   -0.0324127   -0.0122651   -0.0261979   -0.0183069   -0.0179932   -0.0212106
  -0.0246831   -0.0485002   -0.0063418   -0.0388835   0.00624968   -0.0226915    0.0111965  -0.00243801   0.00752868    0.0179956  -0.00406148    0.0348851   -0.0215081     0.045734   -0.0420923    0.0484696   -0.0620443    0.0428134   -0.0777092    0.0294918    -0.086634    0.0109546   -0.0874078  -0.00973436   -0.0793644    -0.028914    -0.064656   -0.0432135     -0.04524   -0.0500852
   0.0069208    0.0114532   0.00263636   0.00920685 -0.000301474   0.00542616  -0.00145313  0.000696932 -0.000592475  -0.00406148   0.00217459   -0.0080198   0.00619296   -0.0105532    0.0110043   -0.0111896    0.0156614  -0.00986869    0.0193159  -0.00676013    0.0213979  -0.00243425    0.0215786   0.00239643       0.0197   0.00687756    0.0162631    0.0102183     0.011727    0.0118235
  -0.0484207   -0.0952823   -0.0124846    -0.076437    0.0121837    -0.044713    0.0218751  -0.00503473    0.0146894    0.0348851   -0.0080198    0.0681522   -0.0422048    0.0893558   -0.0825397    0.0947171    -0.121637    0.0836345    -0.152331    0.0575324    -0.169816    0.0212119     -0.17133   -0.0193252    -0.155569   -0.0569063    -0.126745   -0.0849251   -0.0886997   -0.0983896
   0.0313581    0.0596119   0.00895885    0.0478642  -0.00641195    0.0280938   -0.0124477    0.0033684  -0.00796504   -0.0215081   0.00619296   -0.0422048    0.0275575   -0.0554546    0.0526487   -0.0587936    0.0770155   -0.0518859    0.0961414   -0.0356207     0.107036   -0.0129891     0.107978    0.0122709    0.0981539    0.0356929    0.0801868     0.053158    0.0564706    0.0615503
   -0.063618    -0.125231   -0.0164175    -0.100478    0.0159826   -0.0588113    0.0287117  -0.00669768    0.0192741     0.045734   -0.0105532    0.0893558   -0.0554546     0.117338    -0.108436     0.124328    -0.159791     0.109771    -0.200108    0.0754864    -0.223075      0.02778    -0.225063   -0.0254647    -0.204359   -0.0748272    -0.166499    -0.111629    -0.116524    -0.129314
   0.0602025     0.116442    0.0164264    0.0934816    -0.013616    0.0548434   -0.0254156   0.00652299   -0.0166599   -0.0420923    0.0110043   -0.0825397    0.0526487    -0.108436     0.101847    -0.114964      0.14942    -0.101464     0.186805   -0.0696724     0.208099   -0.0254384     0.209941      0.02393     0.190741    0.0697021     0.155628     0.103831     0.109278     0.120232
  -0.0674483    -0.132782   -0.0174074     -0.10654    0.0169423   -0.0623662    0.0304376  -0.00711734    0.0204325    0.0484696   -0.0111896    0.0947171   -0.0587936     0.124328    -0.114964     0.131853    -0.169412     0.116368    -0.212156    0.0800193    -0.236507    0.0294408    -0.238615     -0.02701    -0.216665   -0.0793455    -0.176523    -0.118364     -0.12354    -0.137112
   0.0881612     0.171536     0.023662     0.137703   -0.0206034    0.0807738   -0.0379909   0.00958158   -0.0250939   -0.0620443    0.0156614    -0.121637    0.0770155    -0.159791      0.14942    -0.169412     0.219653    -0.149521     0.274686    -0.102678     0.306063   -0.0375016     0.308778    0.0352381     0.280489     0.102677     0.228756     0.152959     0.160467     0.177121
  -0.0595231    -0.117165   -0.0153561   -0.0940024    0.0149616   -0.0550146    0.0268732  -0.00625043    0.0180424    0.0428134  -0.00986869    0.0836345   -0.0518859     0.109771    -0.101464     0.116368    -0.149521     0.102805    -0.187249    0.0706705    -0.208742    0.0260277    -0.210604   -0.0237997    -0.191229   -0.0699957    -0.155797    -0.104438    -0.109031    -0.120987
     0.11011     0.214788    0.0293423     0.172421   -0.0260883     0.101129   -0.0478625    0.0119803   -0.0317153   -0.0777092    0.0193159    -0.152331    0.0961414    -0.200108     0.186805    -0.212156     0.274686    -0.187249     0.343726     -0.12859     0.382967   -0.0469719     0.386368    0.0441166     0.350944     0.128565     0.286163     0.191529     0.200651     0.221785
  -0.0408588   -0.0803852    -0.010526   -0.0644793    0.0102966   -0.0377032    0.0184778  -0.00420987    0.0124118    0.0294918  -0.00676013    0.0575324   -0.0356207    0.0754864   -0.0696724    0.0800193    -0.102678    0.0706705     -0.12859    0.0486951    -0.143352      0.01798    -0.144631   -0.0162453    -0.131324   -0.0479781    -0.106986    -0.071638   -0.0748627   -0.0830076
    0.122613      0.23943    0.0325773     0.192199   -0.0292132     0.112726   -0.0534848    0.0133457   -0.0354859    -0.086634    0.0213979    -0.169816     0.107036    -0.223075     0.208099    -0.236507     0.306063    -0.208742     0.382967    -0.143352      0.42683   -0.0523682     0.430568    0.0491738     0.391081     0.143314     0.318866     0.213502     0.223542     0.247229
   -0.014892   -0.0292059  -0.00380497   -0.0233984   0.00380587   -0.0136148   0.00679732   -0.0013708    0.0045785    0.0109546  -0.00243425    0.0212119   -0.0129891      0.02778   -0.0254384    0.0294408   -0.0375016    0.0260277   -0.0469719      0.01798   -0.0523682   0.00683073   -0.0528365   -0.0057367   -0.0479708   -0.0173425   -0.0390707    -0.025998   -0.0273238    -0.030159
    0.123698     0.241565    0.0328575     0.193913    -0.029485     0.113729   -0.0539719    0.0134634   -0.0358113   -0.0874078    0.0215786     -0.17133     0.107978    -0.225063     0.209941    -0.238615     0.308778    -0.210604     0.386368    -0.144631     0.430568   -0.0528365     0.434453    0.0496108     0.394561     0.144591     0.321703     0.215406     0.225529     0.249434
   0.0140838    0.0279136   0.00369278     0.022451  -0.00343818    0.0132703  -0.00623864    0.0017986  -0.00416187  -0.00973436   0.00239643   -0.0193252    0.0122709   -0.0254647      0.02393     -0.02701    0.0352381   -0.0237997    0.0441166   -0.0162453    0.0491738   -0.0057367    0.0496108   0.00603944    0.0450543    0.0168451    0.0367241    0.0249373    0.0257287    0.0288226
    0.112434     0.219357    0.0299443     0.176087   -0.0266679     0.103276   -0.0489039    0.0122293   -0.0324127   -0.0793644       0.0197    -0.155569    0.0981539    -0.204359     0.190741    -0.216665     0.280489    -0.191229     0.350944    -0.131324     0.391081   -0.0479708     0.394561    0.0450543     0.358445     0.131299     0.292234     0.195602     0.204903     0.226502
   0.0409449    0.0808673    0.0106409    0.0649567   -0.0101565    0.0381949   -0.0183244   0.00473766   -0.0122651    -0.028914   0.00687756   -0.0569063    0.0356929   -0.0748272    0.0697021   -0.0793455     0.102677   -0.0699957     0.128565   -0.0479781     0.143314   -0.0173425     0.144591    0.0168451     0.131299    0.0485903     0.106994     0.072156    0.0749127    0.0835021
   0.0918328     0.178743     0.024617     0.143487   -0.0215136    0.0841596   -0.0396339   0.00997421   -0.0261979    -0.064656    0.0162631    -0.126745    0.0801868    -0.166499     0.155628    -0.176523     0.228756    -0.155797     0.286163    -0.106986     0.318866   -0.0390707     0.321703    0.0367241     0.292234     0.106994     0.238391     0.159386     0.167179     0.184564
   0.0609719     0.120347    0.0158204    0.0966466   -0.0151665    0.0567772   -0.0273361   0.00692872   -0.0183069   -0.0432135    0.0102183   -0.0849251     0.053158    -0.111629     0.103831    -0.118364     0.152959    -0.104438     0.191529    -0.071638     0.213502    -0.025998     0.215406    0.0249373     0.195602     0.072156     0.159386     0.107415     0.111584     0.124268
   0.0646363     0.125133    0.0175839     0.100456   -0.0147095    0.0589281   -0.0273961   0.00699952   -0.0179932     -0.04524     0.011727   -0.0886997    0.0564706    -0.116524     0.109278     -0.12354     0.160467    -0.109031     0.200651   -0.0748627     0.223542   -0.0273238     0.225529    0.0257287     0.204903    0.0749127     0.167179     0.111584     0.117436     0.129207
   0.0705964     0.139317    0.0183099     0.111874   -0.0175739    0.0657066   -0.0316667   0.00798157   -0.0212106   -0.0500852    0.0118235   -0.0983896    0.0615503    -0.129314     0.120232    -0.137112     0.177121    -0.120987     0.221785   -0.0830076     0.247229    -0.030159     0.249434    0.0288226     0.226502    0.0835021     0.184564     0.124268     0.129207     0.143913

